3.757000003755092687e-01
4.085999977588653520e-01
4.233999976515769870e-01
4.470999974012375144e-01
4.323999983072280839e-01
4.730999961495399586e-01
4.814999964833259760e-01
5.019999957084655406e-01
5.064999967813491599e-01
5.061999997496604564e-01
5.158999967575073065e-01
4.950999969244003207e-01
5.045999988913536516e-01
5.256999975442886441e-01
5.327999970316886769e-01
5.348999959230422707e-01
5.411999979615211842e-01
5.512000000476837691e-01
5.418999981880188166e-01
5.549999967217444929e-01
5.496999993920326233e-01
5.477999931573868109e-01
5.606999996304512512e-01
5.594999974966049505e-01
5.671999952197075423e-01
5.710999989509581987e-01
5.668999975919724044e-01
5.646999984979629295e-01
5.611000004410743314e-01
5.708999994397163658e-01
5.761999976634979426e-01
5.736999979615211576e-01
5.769999957084656073e-01
5.741999962925911083e-01
5.822999978065490634e-01
5.830999985337257385e-01
5.852999964356422335e-01
5.827999991178512973e-01
5.955999997258186740e-01
5.919999966025352167e-01
5.803999960422515647e-01
5.863999992609023604e-01
5.806999999284744307e-01
5.728999963402747753e-01
5.897000023722648310e-01
5.940999984741210938e-01
6.037000012397766291e-01
5.987999963760376465e-01
5.954999974370003279e-01
6.012999963760375932e-01
5.982999989390372919e-01
6.078000006079673501e-01
6.044999992847442938e-01
6.081999963521957930e-01
5.942999988794326338e-01
6.028000003099441839e-01
6.172999984025955289e-01
6.074999988079070601e-01
6.071999973058700428e-01
6.182000005245208429e-01
6.100999984145164534e-01
6.130999994277953613e-01
6.190000012516975181e-01
6.223000019788742510e-01
6.205000001192092496e-01
6.187000012397766424e-01
6.222999984025955333e-01
6.182000011205672774e-01
6.137999987602233976e-01
6.198000007867813244e-01
6.216000002622604770e-01
6.141000002622604148e-01
6.168999946117401656e-01
6.176999989151954473e-01
6.252999979257584107e-01
6.228999996185302646e-01
6.221999964118003490e-01
6.285000014305114346e-01
6.271000033617020186e-01
6.353000000119208845e-01
6.256999987363814908e-01
6.267000007629394132e-01
6.399000006914138394e-01
6.254999995231628196e-01
6.232000002264976857e-01
6.277999997138976607e-01
6.387000024318695290e-01
6.232999986410141524e-01
6.263000005483627675e-01
6.401999992132186845e-01
6.268000015616417286e-01
6.422000008821487915e-01
6.384999984502792714e-01
6.328999990224838390e-01
6.371000033617019165e-01
6.368000024557113337e-01
6.325999999046325595e-01
6.434999984502792758e-01
6.404000025987625078e-01
6.413000011444092152e-01
6.428000020980835227e-01
6.450000023841857555e-01
6.441000008583068759e-01
6.464000016450881514e-01
6.505999979376793085e-01
6.386999970674515081e-01
6.465000003576278909e-01
6.494999986886977883e-01
6.481999969482421520e-01
6.366999989748001187e-01
6.431999987363815618e-01
6.393999981880188477e-01
6.422000014781952260e-01
6.460000026226043746e-01
6.430999988317489535e-01
6.500000000000000222e-01
6.379000025987625611e-01
6.492999997735023898e-01
6.465000003576278909e-01
6.490000039339065552e-01
6.559000021219253407e-01
6.502000010013579967e-01
6.478000020980835272e-01
6.506000006198883190e-01
6.478000026941299616e-01
6.458999997377395941e-01
6.526000022888183150e-01
6.547000038623810303e-01
6.601000005006789628e-01
6.481999981403351319e-01
6.494999998807906572e-01
6.475000011920929444e-01
6.507000035047530995e-01
6.508000016212462935e-01
6.516000032424926758e-01
6.408999979496001753e-01
6.575000029802322565e-01
6.588999980688095004e-01
6.478000009059905473e-01
6.550999993085860895e-01
6.530000019073486373e-01
6.621000015735626354e-01
6.516000032424926758e-01
6.579999989271163585e-01
6.617000013589858787e-01
6.622000002861022638e-01
6.541000020503997536e-01
6.670000022649764659e-01
6.514000004529952870e-01
6.661000025272368896e-01
6.505000001192092762e-01
6.580000013113022073e-01
6.566000014543533769e-01
6.656000012159347667e-01
6.565000003576278997e-01
6.609999984502792358e-01
6.608999997377396074e-01
6.549000000953674183e-01
6.575000017881393877e-01
6.607000005245208252e-01
6.675000029802322654e-01
6.657999998331070035e-01
6.600999999046325284e-01
6.632000023126601862e-01
6.539000016450882136e-01
6.639000040292739602e-01
6.670000010728835971e-01
6.640000021457672652e-01
6.667000049352646007e-01
6.612000012397766247e-01
6.663000029325485407e-01
6.578000009059905562e-01
6.674999999999999822e-01
6.607000017166138051e-01
6.558999985456466231e-01
6.728000026941299838e-01
6.561000007390975775e-01
6.537000006437301280e-01
6.627000027894973666e-01
6.683000022172927990e-01
6.695000004768371094e-01
6.683000004291534957e-01
6.689000010490417925e-01
6.623000007867813066e-01
6.678999984264373246e-01
6.715000039339065196e-01
6.604000020027160911e-01
6.699000000953674316e-01
6.685000014305114702e-01
6.702000021934508833e-01
6.708000004291534424e-01
6.635000038146973145e-01
6.663000047206878440e-01
6.496999984979630050e-01
6.719000005722045588e-01
6.669999986886978594e-01
6.583000022172927901e-01
6.618000036478042247e-01
6.760000038146972701e-01
6.635000014305114657e-01
6.701000034809112549e-01
6.675000005960464167e-01
6.665999984741211026e-01
6.616000026464462502e-01
6.699999982118606257e-01
6.719999998807907327e-01
6.630000030994415150e-01
6.728999978303908946e-01
6.725999987125397261e-01
6.565000039339065063e-01
6.665000003576279086e-01
6.699000018835067349e-01
6.684000009298324274e-01
6.736000001430511031e-01
6.692000013589859408e-01
6.661000025272368896e-01
6.782999992370605247e-01
6.779000002145767478e-01
6.739999997615814253e-01
6.656000012159347667e-01
6.748000031709671109e-01
6.818000018596649392e-01
6.762999999523162664e-01
6.767000001668930231e-01
6.803999984264373913e-01
6.760000044107437045e-01
6.774999988079071223e-01
6.731999993324280229e-01
6.839000004529952603e-01
6.800000005960464833e-01
6.812000054121017945e-01
6.751000034809112593e-01
6.755000025033950362e-01
6.770000028610229093e-01
6.723000001907348810e-01
6.744000011682510509e-01
6.622000032663345470e-01
6.767999988794326516e-01
6.786000001430511075e-01
6.777000015974045111e-01
6.694000029563903498e-01
6.709000015258789196e-01
6.774000024795532315e-01
6.831999987363814864e-01
6.772000038623809948e-01
6.735000002384186057e-01
6.751000010967254106e-01
6.849000006914138794e-01
6.833000016212463779e-01
6.824000030755996704e-01
6.777000021934509455e-01
6.682999980449676469e-01
6.835000002384186146e-01
6.745000010728836592e-01
6.708000034093857256e-01
6.789000064134598222e-01
6.811000013351440341e-01
6.769000059366225841e-01
6.732000023126601951e-01
6.646000039577484308e-01
6.796000057458877475e-01
6.827000010013580811e-01
6.783000028133392423e-01
6.882000023126602084e-01
6.772000008821487116e-01
6.815000009536743564e-01
6.800000005960464833e-01
6.819000035524368508e-01
6.767000013589858920e-01
6.872000038623810036e-01
6.763999998569488747e-01
6.819000041484832852e-01
6.864000016450881869e-01
6.784000015258788707e-01
6.814000004529953136e-01
6.873000013828277632e-01
6.774000024795532315e-01
6.850000005960464877e-01
6.676000028848647627e-01
6.794000011682510554e-01
6.799000036716461581e-01
6.781000006198882879e-01
6.730999994277954146e-01
6.870000022649764837e-01
6.929000037908553677e-01
6.906999993324279830e-01
6.845000016689301026e-01
6.858000016212463246e-01
6.858000004291534557e-01
6.888000005483627675e-01
6.755000030994415816e-01
6.886000025272369651e-01
6.883000040054321200e-01
6.800000029802322210e-01
6.836000031232833951e-01
6.864999991655349465e-01
6.783000034093856767e-01
6.777000021934509455e-01
6.851000016927719649e-01
6.839000040292739779e-01
6.849000000953674450e-01
6.784000027179718506e-01
6.837000012397765891e-01
6.810000002384185569e-01
6.800000035762786554e-01
6.755000030994415816e-01
6.881000012159347312e-01
6.853000009059906361e-01
6.808999997377395141e-01
6.928000003099441528e-01
6.856000041961669567e-01
6.870000010728836148e-01
6.807000011205672774e-01
6.814000040292740312e-01
6.910000038146972834e-01
6.917000019550323398e-01
6.843000024557113203e-01
6.923000019788742021e-01
6.880000013113022339e-01
6.829000002145767523e-01
6.838000053167343495e-01
6.861999988555907981e-01
6.770000010728836060e-01
6.939000004529952692e-01
6.819999998807907415e-01
6.927000004053115445e-01
6.937000000476837291e-01
6.816000032424927024e-01
6.892000013589858476e-01
6.881000030040741455e-01
6.831999987363814864e-01
6.883000010251998368e-01
6.799000030755997237e-01
6.946000033617019120e-01
6.739000028371811002e-01
6.857000005245208474e-01
6.908000040054321778e-01
6.810000020265579712e-01
6.892000031471252619e-01
6.850000023841857910e-01
6.850000005960464877e-01
6.957000023126602706e-01
6.942000025510788319e-01
6.967000013589859098e-01
6.939000004529952692e-01
6.974000018835068149e-01
6.960000008344650047e-01
6.836999982595444170e-01
6.890000015497207420e-01
6.822000032663345648e-01
6.907000041007995694e-01
6.930000030994415416e-01
6.861000025272369074e-01
6.828000026941299927e-01
6.870000004768371804e-01
6.907999998331070257e-01
6.952000027894973400e-01
6.802000021934508922e-01
6.818000036478042425e-01
6.784000021219253052e-01
6.876000010967254772e-01
6.845000052452087091e-01
6.932000041007995161e-01
6.938000017404556408e-01
6.798999983072281372e-01
6.838000035285949352e-01
6.790000015497207331e-01
6.873000019788741977e-01
6.852000004053115934e-01
6.837000018358230236e-01
6.876000005006790428e-01
6.907000046968460039e-01
6.880000030994415372e-01
6.873000031709670665e-01
6.956999993324279874e-01
6.898000031709671243e-01
6.862999987602234064e-01
6.853000003099442017e-01
6.954000020027160112e-01
6.920000022649764881e-01
6.862000000476836670e-01
6.934000039100647328e-01
6.879999995231628196e-01
6.765000033378600897e-01
6.992000037431717052e-01
6.940000009536743120e-01
6.867999988794326605e-01
6.949000018835067571e-01
6.908000010251998946e-01
6.788000029325484963e-01
6.932999998331069724e-01
6.963000023365020219e-01
6.929000002145767612e-01
6.864000040292740357e-01
6.797000008821487693e-01
6.913000011444091486e-01
6.931000024080276045e-01
6.942000025510788319e-01
6.903999990224838346e-01
6.923000013828277677e-01
6.965000027418136730e-01
6.861000043153763217e-01
6.864000016450881869e-01
6.987000012397766024e-01
6.764999985694885032e-01
6.898000007867812755e-01
6.944000023603439375e-01
6.715000045299529541e-01
6.895000016689301070e-01
6.932000017166137784e-01
6.972000002861022949e-01
6.854000014066695678e-01
6.967000037431716475e-01
6.921000009775162276e-01
6.888000005483627675e-01
6.963000017404555875e-01
6.914000004529953225e-01
6.951000005006789939e-01
6.957000058889388772e-01
6.932000041007995161e-01
6.908000028133391979e-01
6.912000030279159546e-01
6.824000000953673872e-01
6.918000024557113825e-01
6.810000026226044056e-01
6.978000009059905917e-01
6.944000053405762207e-01
6.849000012874603138e-01
6.938000011444092063e-01
6.827000015974045155e-01
6.986000013351439941e-01
6.932999980449676691e-01
6.945000052452087180e-01
6.987000018358230369e-01
6.874000066518783925e-01
6.893000018596648903e-01
6.940000039339065951e-01
6.965000021457672386e-01
6.798000013828278121e-01
7.006000030040741011e-01
6.830000030994415328e-01
6.823000043630600420e-01
6.908000028133391979e-01
6.766999995708465887e-01
6.931000053882598877e-01
6.886000001430511164e-01
6.907999992370605913e-01
6.969000017642974498e-01
6.929000037908553677e-01
6.721999990940094039e-01
6.894000023603439331e-01
6.919000029563904253e-01
6.924000000953673961e-01
6.921000033617019653e-01
6.766000044345855668e-01
6.976000052690506381e-01
6.904000014066695723e-01
6.929000043869018022e-01
6.925000041723251565e-01
6.944999992847442627e-01
6.898000037670135587e-01
6.813000017404555742e-01
6.861999988555907981e-01
6.967000001668930409e-01
6.890000051259994596e-01
6.830000019073486639e-01
6.949000048637390403e-01
6.951000028848648427e-01
6.920000040531157914e-01
6.869999998807907460e-01
6.913000017404555830e-01
6.764999997615813720e-01
7.003000020980835183e-01
6.985000044107436690e-01
6.865000039339065330e-01
6.910000038146972834e-01
7.017000013589859142e-01
6.843000006675720170e-01
6.971000003814696866e-01
6.997000014781952215e-01
6.948000007867812799e-01
7.000000017881393699e-01
6.916000026464462769e-01
6.973000049591064897e-01
6.932000011205673440e-01
6.932000023126602128e-01
6.944000041484832408e-01
6.943000012636184604e-01
6.932000017166137784e-01
6.995000046491622880e-01
6.816999995708465931e-01
6.936000007390975552e-01
7.006000024080276667e-01
6.979000014066696345e-01
6.901000010967254239e-01
6.831000024080275956e-01
6.969000017642974498e-01
6.872000062465667414e-01
6.858000004291534557e-01
6.958000004291534646e-01
6.998000013828277188e-01
6.903000015020370750e-01
6.954000014066695767e-01
6.892000025510788275e-01
6.897000008821487782e-01
6.913000017404555830e-01
6.968000024557113870e-01
6.963000047206878707e-01
6.883000034093856856e-01
6.860000014305114302e-01
6.966000008583068670e-01
6.912000024318695202e-01
6.911000043153763261e-01
6.831000012159347268e-01
6.934000003337860152e-01
6.941000038385390924e-01
6.971000003814696866e-01
6.966000038385391502e-01
6.979000037908553722e-01
6.776000010967254683e-01
7.010000002384185747e-01
6.975000017881393122e-01
6.906999999284744174e-01
6.942000025510788319e-01
6.964000004529953269e-01
6.989000046253204257e-01
6.803000044822692383e-01
6.971000009775161210e-01
7.009000027179718151e-01
7.007000005245208607e-01
7.056000024080276711e-01
6.982000011205673484e-01
7.034000027179717618e-01
6.877000015974045199e-01
6.992000037431717052e-01
6.896000003814697354e-01
6.947000020742416515e-01
6.930999982357025635e-01
6.812000000476836625e-01
6.938000059127807928e-01
6.886000025272369651e-01
6.943000048398971780e-01
6.793000024557113159e-01
6.930000036954879761e-01
6.806999999284744085e-01
6.985000014305114968e-01
6.806000036001205178e-01
6.950000023841857999e-01
7.015999996662140026e-01
6.929000002145767612e-01
7.027000039815902710e-01
6.914999985694885165e-01
6.967000013589859098e-01
6.871000039577483953e-01
6.933000034093856900e-01
6.931000006198883012e-01
6.882999998331069680e-01
6.944000023603439375e-01
6.907000005245208518e-01
6.957999992370605957e-01
6.866000026464462724e-01
6.983000004291534113e-01
6.907000017166137207e-01
6.941000014543533547e-01
6.974999994039535745e-01
6.870000022649764837e-01
6.981000030040740434e-01
6.958000057935714855e-01
6.840000045299530207e-01
6.977000033855438321e-01
6.852000015974044622e-01
6.944000011682510687e-01
6.974000018835068149e-01
6.941000026464462236e-01
6.894000035524368020e-01
6.945999997854233055e-01
6.963000035285950018e-01
7.007000046968460127e-01
6.857000017166137162e-01
6.949000024795531916e-01
6.993000024557113337e-01
6.959000021219253762e-01
6.998000037670135676e-01
6.890000009536743075e-01
6.935000008344650579e-01
6.939000016450882491e-01
6.986000049114227117e-01
6.928000020980834561e-01
6.913000005483627142e-01
6.902000010013580322e-01
7.011000031232833551e-01
7.049000018835067660e-01
6.982000011205673484e-01
7.019000053405761719e-01
6.986000019311905396e-01
6.938999986648559659e-01
6.991000020503997936e-01
6.974000030755996837e-01
6.950000053644180831e-01
7.006999999284744263e-01
7.058000040054320801e-01
6.980000007152556973e-01
6.965000045299529763e-01
6.941000050306320723e-01
6.906000012159347889e-01
6.982000005245209140e-01
6.992000013589858565e-01
6.862000042200088190e-01
6.901000028848648382e-01
6.837999993562697831e-01
6.904000020027161177e-01
6.847000026702880771e-01
7.025000005960464478e-01
6.981000018119811745e-01
6.966000020503997359e-01
6.966000008583068670e-01
6.958000046014786166e-01
6.900000023841857955e-01
6.962999981641769809e-01
6.911000025272369118e-01
6.951000040769577115e-01
6.967000025510787786e-01
7.072000008821487382e-01
6.907999980449676114e-01
7.016000032424927202e-01
6.891000020503997847e-01
6.948000025749206943e-01
6.911000019311904774e-01
6.966000038385391502e-01
6.900000041723250988e-01
6.992000031471252708e-01
7.045000010728835749e-01
6.862000006437302124e-01
6.896000003814697354e-01
6.997000050544738281e-01
6.949999994039535167e-01
6.969000035524368641e-01
7.017000013589859142e-01
6.934000033140182984e-01
6.995000022649765503e-01
6.971000009775161210e-01
6.899000006914138838e-01
7.001000034809112815e-01
6.961000031232833507e-01
6.927000021934509588e-01
6.968999999761581465e-01
6.917999994754790993e-01
6.927000039815902621e-01
6.970999991893768177e-01
6.921999996900558560e-01
7.018000012636185225e-01
7.041999977827072543e-01
6.896999996900557983e-01
6.885000038146972257e-01
6.978999984264373513e-01
6.908000028133391979e-01
6.935999995470046864e-01
7.012000012397766602e-01
7.003000050783156905e-01
7.021000015735626709e-01
6.969000023603438843e-01
7.005000042915344727e-01
6.970000004768371893e-01
6.961000037193297851e-01
6.975000023841857466e-01
6.896000021696090387e-01
7.018000018596649570e-01
6.989000010490417081e-01
6.973000007867813377e-01
6.929000031948089333e-01
6.867000001668930320e-01
7.015000027418136774e-01
6.953000020980835139e-01
6.922000038623810081e-01
7.015000009536742631e-01
7.042000043392181441e-01
6.888999998569488303e-01
6.876000016927719116e-01
6.947000032663345204e-01
6.877000015974045199e-01
6.985000014305114968e-01
6.990000051259994684e-01
6.913000035285949973e-01
6.928000032901764360e-01
6.898000019788742554e-01
6.993000024557113337e-01
6.997000020742416559e-01
7.062000036239624023e-01
7.005000042915344727e-01
6.897000056505203647e-01
6.918000018596649481e-01
6.982000011205673484e-01
6.938000047206878129e-01
6.923000001907348988e-01
6.959000003337859619e-01
6.891000020503997847e-01
6.967000025510787786e-01
6.946000021696090432e-01
6.974000018835068149e-01
6.988999980688095359e-01
6.955000042915344682e-01
6.979000025987625033e-01
6.952000039815903198e-01
6.979999995231628285e-01
6.947000044584273892e-01
6.999000018835067616e-01
6.951000005006789939e-01
6.931000000238418668e-01
6.990000003576278820e-01
6.943999975919723511e-01
6.888000011444092019e-01
6.829000031948089244e-01
6.929000037908553677e-01
6.840000015497207375e-01
7.040000021457671897e-01
6.908000016212463290e-01
6.966000014543533014e-01
6.925000029802322876e-01
6.967000025510787786e-01
6.969000023603438843e-01
6.972000044584274470e-01
6.990000027418136197e-01
6.957000035047531394e-01
6.757000011205672729e-01
6.890000021457671764e-01
6.951000028848648427e-01
6.951999998092651678e-01
6.884000009298324452e-01
6.968000042438506902e-01
6.904000002145767034e-01
6.966000026464462813e-01
6.976000022888183549e-01
6.972999995946884688e-01
6.936000055074691417e-01
6.904999983310698974e-01
6.968000024557113870e-01
6.977000033855438321e-01
6.987000036239624512e-01
6.965000015497208041e-01
6.970999997854232522e-01
6.890000045299530251e-01
6.931000000238418668e-01
6.953000015020370794e-01
6.978000026941298950e-01
6.874000012874603716e-01
7.049999994039535256e-01
6.915000045299529718e-01
6.964000064134597823e-01
6.887000024318694624e-01
6.918999999761581421e-01
6.975999999046326172e-01
7.004000037908554299e-01
6.993000018596648992e-01
6.825000041723251476e-01
6.912000042200088235e-01
6.935000014305114924e-01
7.009000009298325118e-01
7.019000005722045854e-01
6.849000024795531827e-01
6.944000017642975031e-01
6.899000006914138838e-01
6.982999998331069769e-01
6.875000029802322832e-01
6.954999995231628818e-01
6.981000006198883057e-01
7.030000019073486817e-01
6.919000011682510110e-01
6.923000013828277677e-01
7.000000041723251076e-01
6.928000015020370217e-01
6.942000013589858520e-01
7.007000005245208607e-01
6.886000013351440963e-01
6.932999986410141036e-01
7.055000019073486284e-01
6.940000039339065951e-01
7.067000019550323531e-01
7.053000032901763916e-01
6.914000022411346258e-01
6.977000004053115489e-01
6.958000034093856367e-01
6.802000004053115889e-01
6.894000059366226507e-01
6.961000031232833507e-01
6.869000011682510065e-01
6.973000019788742065e-01
7.042000043392181441e-01
6.887000018358230280e-01
6.926000034809112194e-01
7.002000039815903243e-01
7.034000003337860241e-01
6.979000037908553722e-01
6.957000017166137251e-01
6.987000006437301680e-01
7.012000018358230946e-01
6.939000028371811180e-01
6.817999988794326560e-01
6.984000033140183028e-01
6.974000024795532493e-01
6.907999992370605913e-01
6.894000017642974987e-01
6.908000046014786122e-01
6.934000015258788840e-01
7.059000021219253851e-01
6.947999989986419767e-01
7.003000003099441040e-01
6.944999992847442627e-01
6.929000014066696300e-01
6.933000016212463867e-01
6.942000007629394176e-01
6.838999998569488259e-01
7.002000015974044755e-01
7.008000004291534690e-01
6.948999994993210194e-01
6.980000025033951117e-01
6.904000025987625522e-01
6.999000006914138927e-01
6.975999999046326172e-01
6.977000010013579834e-01
7.015000033378601119e-01
6.902000033855437700e-01
6.898000037670135587e-01
6.900000005960464922e-01
6.958000016212463334e-01
6.944000023603439375e-01
6.976999992132186801e-01
6.904000002145767034e-01
7.032999998331069813e-01
6.987000018358230369e-01
6.992000013589858565e-01
6.928999996185303267e-01
6.999000018835067616e-01
6.952000039815903198e-01
6.972000032663345781e-01
6.897000008821487782e-01
6.844000005722046254e-01
6.953000032901763827e-01
6.952000010013580367e-01
6.974000018835068149e-01
6.867000025510787697e-01
7.031000041961670277e-01
6.995000004768371360e-01
6.996000057458877652e-01
7.063000017404555964e-01
6.923000013828277677e-01
6.990000009536743164e-01
7.027000021934509677e-01
7.012000030279159635e-01
6.916999989748000566e-01
6.992000001668929876e-01
6.910000008344650002e-01
6.953000015020370794e-01
6.965000045299529763e-01
6.886000001430511164e-01
7.049000054597854836e-01
6.988000017404556452e-01
6.916000032424927113e-01
6.954000031948089910e-01
6.916000020503997314e-01
7.067999982833862438e-01
7.044999992847442716e-01
7.014999997615813943e-01
7.084000056982040494e-01
7.023000025749206454e-01
7.007000017166137296e-01
7.004999977350234719e-01
6.990000003576278820e-01
6.953000009059906450e-01
7.072000020742416071e-01
7.045000016689300093e-01
7.002999979257583663e-01
6.943999999761580888e-01
6.931999987363814952e-01
6.952000004053116022e-01
7.074000042676925615e-01
7.020000004768371937e-01
7.057000011205672996e-01
6.976000034809112238e-01
6.900999999046325550e-01
6.979000014066696345e-01
6.988000047206878174e-01
7.048000025749207031e-01
6.832000011205673351e-01
6.935000020265579268e-01
6.994000035524368108e-01
6.940000003576278775e-01
7.032000017166137873e-01
7.020999997854232566e-01
7.022000008821487338e-01
6.993000024557113337e-01
7.037000018358230413e-01
6.975000041723251609e-01
7.017000007629394798e-01
7.064999991655349643e-01
7.024000006914138394e-01
6.913999998569488881e-01
6.965000021457672386e-01
7.013000053167343095e-01
7.080999994277954457e-01
6.999000012874603271e-01
7.042000007629394265e-01
7.110000038146973012e-01
7.058999979496002330e-01
7.056000024080276711e-01
7.085000002384185258e-01
7.001000010967254328e-01
7.032000005245209184e-01
7.030000007152557018e-01
6.975999981164932029e-01
7.052000010013580455e-01
7.060999989509582075e-01
7.035000038146972390e-01
7.003000026941299527e-01
6.994000041484832453e-01
7.014000016450882002e-01
7.073000037670135187e-01
7.013000053167343095e-01
7.005000013113021895e-01
7.036999988555908692e-01
6.990000015497207508e-01
7.064000022411346391e-01
6.879000025987624944e-01
7.011000013351440519e-01
7.001000016927718672e-01
6.998000025749206987e-01
6.917999994754790993e-01
7.003000003099441040e-01
6.972000032663345781e-01
6.999999982118606523e-01
6.895000040531158447e-01
6.938000011444092063e-01
6.877000027894973888e-01
7.016000020503997403e-01
7.007000011205672951e-01
6.921999996900558560e-01
6.996000015735626132e-01
7.049000042676926148e-01
7.053000020980835227e-01
6.961000001430511785e-01
7.020000028610229315e-01
6.843000012636184515e-01
7.028000032901764449e-01
7.046999996900558116e-01
7.011000013351440519e-01
6.918000024557113825e-01
6.978000032901764405e-01
7.080000025033951205e-01
7.056999987363815618e-01
7.068000048398971336e-01
6.995000010728835704e-01
7.031000012159347445e-01
7.078000003099441662e-01
6.975000035762787265e-01
7.014999991655349598e-01
7.023000007867813421e-01
6.945000058412551525e-01
6.960000020265578735e-01
7.030000030994415505e-01
6.981999993324279341e-01
7.025000005960464478e-01
7.062999999523162931e-01
6.963000023365020219e-01
7.010000032186508578e-01
7.112000006437301236e-01
6.987000030279159057e-01
7.069999998807907637e-01
7.001999974250793235e-01
7.006000041961669700e-01
6.928000020980834561e-01
7.043000006675720348e-01
6.975000029802322921e-01
7.043000006675720348e-01
7.012000030279159635e-01
7.058999997377395363e-01
6.990000009536743164e-01
7.124000030755996971e-01
6.975000005960464433e-01
6.835999983549118086e-01
7.027000015974045333e-01
7.016999995708466109e-01
7.079000020027160778e-01
6.981000030040740434e-01
7.068999999761581554e-01
7.006000024080276667e-01
6.947999995946884111e-01
7.048000001907348544e-01
6.997000026702880904e-01
7.076000022888183638e-01
6.992000007629394220e-01
6.965000009536743697e-01
7.065000033378601163e-01
7.082999992370605513e-01
6.936999994516372947e-01
6.825000011920928644e-01
6.991999995708465532e-01
7.116000026464461836e-01
7.079000025987625122e-01
6.947999995946884111e-01
6.981999993324279341e-01
7.143000000715256093e-01
