1.722999998182058456e-01
2.303999994695186682e-01
2.777000010013580544e-01
3.105000020563602470e-01
3.311000011861324199e-01
3.488000005483627430e-01
3.682000008225441157e-01
3.878999987244606262e-01
4.008999997377395430e-01
4.183999973535537653e-01
4.270999976992607139e-01
4.350999990105628989e-01
4.577999979257583729e-01
4.595999962091446012e-01
4.716999974846839971e-01
4.702999979257583840e-01
4.793999958038330234e-01
4.845999982953071439e-01
4.901999980211257935e-01
4.966999945044517362e-01
4.951999995112419395e-01
5.028999966382979858e-01
5.045999976992606717e-01
5.116999945044518050e-01
5.112999966740607860e-01
5.165999954938889083e-01
5.175999969244002852e-01
5.174999943375587774e-01
5.168999984860420671e-01
5.175999963283538507e-01
5.255999985337257430e-01
5.271999979019165172e-01
5.296999970078468678e-01
5.264999976754188848e-01
5.355999946594238725e-01
5.394999971985816600e-01
5.393999940156937178e-01
5.392999964952468472e-01
5.401999953389168274e-01
5.358999997377396074e-01
5.380999985337256986e-01
5.460999971628188732e-01
5.462999966740608171e-01
5.450999954342842235e-01
5.467999964952469094e-01
5.512999972701072560e-01
5.560999938845634372e-01
5.553999978303909568e-01
5.571999981999397056e-01
5.557999959588051375e-01
5.585999968647956671e-01
5.567999979853630599e-01
5.601999974250793102e-01
5.546999958157539101e-01
5.632999992370605336e-01
5.623999971151352195e-01
5.611999994516372325e-01
5.603999993205071029e-01
5.622999945282936007e-01
5.677999985218048495e-01
5.671999984979629872e-01
5.644999998807906927e-01
5.612000000476836670e-01
5.715999963879585533e-01
5.726999974250793768e-01
5.725999966263770613e-01
5.719999986886977750e-01
5.699999991059303550e-01
5.726999965310096696e-01
5.731999993324279341e-01
5.750000008940696627e-01
5.685999968647956759e-01
5.730999979376792952e-01
5.781999993324279385e-01
5.787999978661537703e-01
5.866000002622604459e-01
5.804999965429306075e-01
5.793000000715256004e-01
5.772999963164329174e-01
5.803999963402748374e-01
5.821999984979630005e-01
5.807999974489211903e-01
5.890999987721443620e-01
5.855000013113021984e-01
5.830999988317490113e-01
5.850999978184699968e-01
5.897000002861022550e-01
5.848999977111816184e-01
5.907999980449676336e-01
5.902999967336655107e-01
5.906999984383582980e-01
5.856000000238418268e-01
5.904999983310699196e-01
5.922999969124793651e-01
5.893999966979026617e-01
5.871999970078468634e-01
5.922000005841254744e-01
5.915999987721443087e-01
5.873999956250191001e-01
5.934999966621399281e-01
5.953000009059905562e-01
5.908999982476234036e-01
5.984000018239021834e-01
5.860999983549117776e-01
5.975000005960464655e-01
5.964999988675117049e-01
6.000999999046325861e-01
5.976999950408935502e-01
5.953999990224838612e-01
5.942999988794326338e-01
5.954000002145767301e-01
5.959999972581863092e-01
6.002000004053116289e-01
6.008999985456466852e-01
6.010999968647956493e-01
6.045999997854232255e-01
6.053999993205070318e-01
6.057999959588050709e-01
5.986999994516373214e-01
6.070999956130981312e-01
6.093999984860419827e-01
6.068999990820884705e-01
6.000999933481216964e-01
6.074000009894371388e-01
6.045000001788138899e-01
6.055000019073486506e-01
6.084000006318092124e-01
6.035999971628188687e-01
6.059999978542327526e-01
6.102000007033347995e-01
6.052999991178512618e-01
6.016999983787536532e-01
6.078999990224838168e-01
6.163000011444091930e-01
6.064999976754188449e-01
6.032999986410141346e-01
6.069999998807906749e-01
6.071999970078468811e-01
6.076999986171722767e-01
6.102999961376189830e-01
6.050000008940696894e-01
6.104999968409537958e-01
6.113000026345253302e-01
6.169000014662742171e-01
6.126000002026558144e-01
6.115000009536742942e-01
6.105999955534935353e-01
6.143999993801116943e-01
6.077000027894974288e-01
6.090999993681908142e-01
6.050999978184700145e-01
6.102000024914741028e-01
6.122000023722649065e-01
6.141000005602836875e-01
6.092999991774559199e-01
6.075000000000000400e-01
6.161999979615211398e-01
6.124999982118606301e-01
6.140999984741211115e-01
6.053999990224838701e-01
6.186999988555907937e-01
6.141000005602836875e-01
6.088999968767165871e-01
6.157999998331069591e-01
6.122999987006187972e-01
6.167000010609626770e-01
6.189999985694885076e-01
6.112999999523163197e-01
6.057999980449676469e-01
6.111000001430511031e-01
6.144999983906745955e-01
6.157000017166137651e-01
6.153999999165534751e-01
6.165999990701674927e-01
6.192999997735023632e-01
6.143000000715255204e-01
6.137999990582465593e-01
6.199999994039535611e-01
6.204000014066696211e-01
6.199000006914139327e-01
6.172000014781952038e-01
6.195999997854232388e-01
6.196000033617019565e-01
6.199999999999999956e-01
6.162999999523163241e-01
6.144999960064887468e-01
6.233999991416930841e-01
6.242999994754790949e-01
6.210999968647956671e-01
6.175999972224235357e-01
6.260000044107436601e-01
6.255000013113022339e-01
6.258000004291534024e-01
6.222999987006186950e-01
6.173000016808509738e-01
6.250000032782554449e-01
6.261999979615211487e-01
6.233000010251998901e-01
6.156999978423118858e-01
6.228999996185302646e-01
6.186000007390975997e-01
6.257000005245209051e-01
6.242000013589859009e-01
6.274000009894371566e-01
6.242999988794326605e-01
6.266999968886375338e-01
6.284000006318092302e-01
6.307999986410141036e-01
6.273999983072280351e-01
6.292000019550323398e-01
6.260000017285346496e-01
6.301000016927719161e-01
6.282999986410140458e-01
6.227000012993813005e-01
6.274000006914138838e-01
6.313000020384788025e-01
6.294000005722045765e-01
6.212000006437301547e-01
6.245999988913536471e-01
6.279999983310698974e-01
6.240000009536743608e-01
6.260000008344650535e-01
6.344000017642974498e-01
6.307999986410141036e-01
6.290999996662139937e-01
6.285000011324882729e-01
6.281000003218650818e-01
6.248000007867813288e-01
6.275000002980232194e-01
6.263999995589256686e-01
6.293999996781348694e-01
6.312000027298927396e-01
6.266999986767768371e-01
6.280999997258186474e-01
6.286000001430511741e-01
6.307000005245209096e-01
6.288000005483627142e-01
6.332000011205672907e-01
6.315000024437904536e-01
6.285000026226044145e-01
6.313000029325485096e-01
6.314999997615814431e-01
6.325999987125396906e-01
6.317000010609626903e-01
6.374000012874603271e-01
6.378000026941299527e-01
6.393000012636185225e-01
6.303000047802924666e-01
6.302000027894973933e-01
6.300000026822090149e-01
6.324000024795531916e-01
6.374000015854835999e-01
6.369000008702278004e-01
6.329000017046928495e-01
6.218000009655952898e-01
6.336000004410743403e-01
6.321000009775161743e-01
6.327000010013580367e-01
6.353000009059905917e-01
6.398000007867813421e-01
6.301999998092651101e-01
6.230000004172324690e-01
6.306000003218650285e-01
6.287000024318695202e-01
6.347000014781951638e-01
6.314999997615814431e-01
6.372999984025955467e-01
6.339000046253204790e-01
6.339999991655349554e-01
6.304000043869018022e-01
6.395000028610229315e-01
6.338000029325485674e-01
6.391000014543533059e-01
6.374000018835067616e-01
6.348000013828277721e-01
6.368000024557113337e-01
6.413000005483627808e-01
6.368000006675720304e-01
6.349000042676925526e-01
6.346000003814696866e-01
6.337999987602234153e-01
6.380000019073486239e-01
6.372000020742416559e-01
6.281000030040740922e-01
6.370999997854233099e-01
6.389000028371810691e-01
6.380000013113021895e-01
6.385000026226044234e-01
6.380999988317489491e-01
6.404000037908553766e-01
6.409999972581863492e-01
6.345999997854232522e-01
6.415000021457671897e-01
6.433000016212463423e-01
6.340000027418136730e-01
6.340999999642371598e-01
6.429000020027160200e-01
6.355000007152556973e-01
6.413999992609024092e-01
6.400999993085860762e-01
6.381000024080276667e-01
6.382000005245208607e-01
6.393999993801117165e-01
6.373000019788741533e-01
6.326999974250793191e-01
6.383999979496002286e-01
6.361000037193298429e-01
6.352000021934509633e-01
6.465999996662139537e-01
6.452000010013579923e-01
6.414000016450881470e-01
6.409000003337860241e-01
6.447000008821487382e-01
6.478000044822692649e-01
6.387000000476836803e-01
6.460000014305115057e-01
6.463999992609024137e-01
6.435000008344650135e-01
6.471999984979629472e-01
6.410000008344650668e-01
6.385999995470047486e-01
6.434000003337859708e-01
6.368999987840652244e-01
6.386000001430511830e-01
6.425000017881393743e-01
6.421000021696090521e-01
6.439000022411346391e-01
6.415000033378600586e-01
6.371999996900558072e-01
6.427000004053116111e-01
6.385000008344650091e-01
6.460999995470046997e-01
6.374000030755996304e-01
6.368999999761580932e-01
6.418000006675720348e-01
6.454000037908553811e-01
6.426000046730041548e-01
6.397000002861022994e-01
6.467000019550322998e-01
6.481000036001205444e-01
6.415999990701675149e-01
6.442000013589859186e-01
6.435999995470047530e-01
6.468000000715256048e-01
6.485999995470046464e-01
6.451000010967254950e-01
6.486000025272369296e-01
6.412000012397766069e-01
6.498000007867813510e-01
6.440000033378601163e-01
6.428999990224838479e-01
6.468000018596649081e-01
6.485000026226043213e-01
6.428000003099441084e-01
6.494000035524368775e-01
6.418999999761580977e-01
6.469000017642975164e-01
6.424999970197677879e-01
6.464000034332275657e-01
6.450000005960464522e-01
6.475999999046325728e-01
6.467999988794326249e-01
6.482999992370604980e-01
6.437999993562698586e-01
6.471000015735626221e-01
6.389000016450882002e-01
6.456999963521957708e-01
6.500000011920928911e-01
6.406000018119811790e-01
6.470999979972839045e-01
6.416000002622603837e-01
6.380999988317489491e-01
6.474999988079070956e-01
6.402000033855438366e-01
6.453000003099441662e-01
6.481000024080276756e-01
6.429999995231628906e-01
6.473000007867812933e-01
6.517000013589858698e-01
6.517000019550323042e-01
6.505000042915344283e-01
6.544000023603439020e-01
6.453000032901763383e-01
6.456000018119811834e-01
6.449000030755996926e-01
6.462000024318694802e-01
6.487000006437301236e-01
6.491000008583068803e-01
6.492000031471252264e-01
6.495999985933303966e-01
6.481000006198882613e-01
6.467999994754791704e-01
6.436999994516372503e-01
6.476999986171722012e-01
6.422999989986419855e-01
6.459000021219253318e-01
6.496000033617019831e-01
6.436000025272369252e-01
6.493999993801117254e-01
6.469000017642975164e-01
6.445000034570693703e-01
6.497999989986419367e-01
6.503000026941299083e-01
6.460000008344650713e-01
6.498999983072281106e-01
6.504000025987625166e-01
6.406999996304512113e-01
6.455999994277954457e-01
6.404999989271163985e-01
6.491000002622604459e-01
6.488000005483627319e-01
6.493999990820884527e-01
6.518000018596649126e-01
6.463000005483627852e-01
6.453999966382980569e-01
6.501000010967254994e-01
6.452000015974044267e-01
6.434000021219253851e-01
6.519000035524368242e-01
6.461000025272369829e-01
6.536000025272369340e-01
6.515000027418136330e-01
6.555000013113021495e-01
6.506999981403350786e-01
6.518000006675720437e-01
6.502000004053115623e-01
6.452999985218048629e-01
6.459000015258788974e-01
6.533000010251999168e-01
6.514000010490417214e-01
6.509000009298324674e-01
6.490000027418136863e-01
6.532000052928924605e-01
6.445000040531158048e-01
6.509000009298324674e-01
6.481000024080276756e-01
6.497999984025955023e-01
6.483999991416931064e-01
6.437999993562698586e-01
6.456000024080276178e-01
6.540000015497207109e-01
6.560000002384185347e-01
6.538999992609023648e-01
6.515000021457671986e-01
6.547000020742416160e-01
6.487000012397765580e-01
6.515000039339065019e-01
6.529999995231627885e-01
6.480000001192093295e-01
6.545000016689300759e-01
6.527000004053116200e-01
6.517000013589858698e-01
6.518999963998795000e-01
6.505999994277954501e-01
6.510999995470047041e-01
6.501000022888183683e-01
6.516999995708465665e-01
6.546000033617019875e-01
6.541000032424926225e-01
6.507000011205673617e-01
6.509000021219253362e-01
6.473000010848045660e-01
6.586999994516372636e-01
6.503000020980834739e-01
6.604000002145766768e-01
6.588000023365020441e-01
6.586999994516372636e-01
6.506000024080276223e-01
6.528999996185302912e-01
6.543999999761581643e-01
6.512999993562698098e-01
6.525000011920929488e-01
6.559000003337860374e-01
6.497000020742416115e-01
6.507000005245209273e-01
6.538999992609023648e-01
6.551000010967255038e-01
6.524999997019768072e-01
6.488999992609023604e-01
6.500000023841857599e-01
6.554999995231628462e-01
6.602000004053115711e-01
6.579000002145767301e-01
6.490000021457672519e-01
6.570000016689300226e-01
6.566000020503998114e-01
6.515000027418136330e-01
6.570000004768371538e-01
6.556000000238418890e-01
6.501000016927719338e-01
6.586000019311905040e-01
6.544000011682510332e-01
6.558000016212462979e-01
6.542999994754791215e-01
6.582000029087066162e-01
6.541000038385391679e-01
6.545000022649765103e-01
6.525000029802322521e-01
6.551000005006790694e-01
6.541000008583068848e-01
6.541999995708465132e-01
6.582999992370605069e-01
6.575000023841858221e-01
6.484000009298324096e-01
6.567000007629394398e-01
6.520000034570694325e-01
6.583000004291534868e-01
6.607999986410141302e-01
6.543000018596649703e-01
6.587000024318695468e-01
6.638999998569488081e-01
6.560000014305115146e-01
6.524000012874603405e-01
6.565000021457672030e-01
6.493000024557114003e-01
6.537999981641768876e-01
6.571000009775161965e-01
6.550000023841857644e-01
6.562000018358230546e-01
6.557000029087066695e-01
6.610000044107436912e-01
6.570000004768371538e-01
6.586000019311905040e-01
6.578999984264374268e-01
6.643000012636184337e-01
6.637999993562698764e-01
6.570000004768371538e-01
6.583999997377395497e-01
6.600000023841857688e-01
6.525999993085861428e-01
6.544000023603439020e-01
6.591000026464461925e-01
6.561000013351440119e-01
6.616000014543533814e-01
6.614000040292740135e-01
6.561000019311904463e-01
6.569999986886978505e-01
6.632000017166137518e-01
6.588000005483627408e-01
6.587000024318695468e-01
6.571999984979629561e-01
6.526000022888183150e-01
6.617000001668930098e-01
6.495000046491622436e-01
6.589000034332275213e-01
6.526000010967254461e-01
6.653999996185302468e-01
6.539000022411346480e-01
6.587000030279159812e-01
6.564000010490417258e-01
6.585000014305114613e-01
6.590000021457672608e-01
6.533000016212463512e-01
6.599000000953674228e-01
6.627999991178512573e-01
6.561999982595443370e-01
6.590000015497207153e-01
6.555000019073485840e-01
6.549000012874602872e-01
6.555000013113021495e-01
6.541000002622604503e-01
6.557999992370605602e-01
6.617000025510787475e-01
6.531000018119812456e-01
6.624999988079071089e-01
6.613000011444092330e-01
6.583000004291534868e-01
6.571000021696090654e-01
6.611000025272368852e-01
6.547000026702880504e-01
6.645000016689300848e-01
6.599000000953674228e-01
6.512000000476837469e-01
6.554999995231628462e-01
6.605000019073485884e-01
6.654000037908553988e-01
6.601999998092651367e-01
6.591999995708465176e-01
6.552999997138977406e-01
6.596000027656555575e-01
6.657000005245208296e-01
6.629000037908554521e-01
6.633000016212463601e-01
6.628999996185303001e-01
6.663000029325485407e-01
6.606000041961670455e-01
6.659000039100646529e-01
6.613999998569488614e-01
6.685000008344650357e-01
6.583000016212463557e-01
6.528000009059905517e-01
6.597000032663344893e-01
6.628000015020369950e-01
6.600999999046325284e-01
6.631999975442885997e-01
6.632000029087066206e-01
6.565000015497207686e-01
6.627000004053116289e-01
6.642000001668929565e-01
6.665999978780746682e-01
6.565999978780746593e-01
6.630999994277954057e-01
6.630000042915343839e-01
6.581000006198882701e-01
6.655000001192092896e-01
6.643999993801117387e-01
6.612000012397766247e-01
6.644000035524367798e-01
6.574000024795532138e-01
6.589999973773956743e-01
6.587000000476836981e-01
6.714999991655349332e-01
6.570999997854233277e-01
6.610000002384185391e-01
6.604000002145766768e-01
6.604000008106232222e-01
6.613999980688095581e-01
6.611999988555907759e-01
6.607999992370605646e-01
6.642000001668929565e-01
6.641000014543533281e-01
6.511000025272369873e-01
6.560999989509582742e-01
6.649000006914138616e-01
6.568000006675720481e-01
6.568999999761581110e-01
6.650000029802322077e-01
6.595999997854232744e-01
6.643999981880187589e-01
6.588000011444091752e-01
6.561000049114227295e-01
6.622000038623809814e-01
6.601999974250793990e-01
6.640000009536742853e-01
6.648000001907348189e-01
6.593000012636184293e-01
6.606000012159347623e-01
6.659999984502792403e-01
6.614000022411345991e-01
6.630000048875808183e-01
6.625000005960464122e-01
6.630000019073486461e-01
6.628000020980835405e-01
6.598999994993209883e-01
6.598999989032745539e-01
6.709000021219253540e-01
6.562999987602233798e-01
6.605000001192092851e-01
6.604000020027160911e-01
6.571000015735626310e-01
6.663999950885772794e-01
6.636000007390976396e-01
6.595999997854232744e-01
6.623999994993209350e-01
6.619000017642975298e-01
6.627000015974044977e-01
6.587000018358231124e-01
6.645000028610229537e-01
6.653000009059906183e-01
6.533999979496002419e-01
6.618000012636184870e-01
6.609000009298324763e-01
6.638000023365020485e-01
6.603000026941299172e-01
6.642999988794326960e-01
6.653000009059906183e-01
6.640000015497207198e-01
6.569000005722045454e-01
6.647999995946883844e-01
6.562999999523162487e-01
6.599000012874602916e-01
6.609000045061111939e-01
6.641000002622604592e-01
6.600999993085860940e-01
6.628000044822692782e-01
6.609000015258789107e-01
6.589000022411346524e-01
6.567000007629394398e-01
6.695999997854232832e-01
6.600000023841857688e-01
6.625000023841858265e-01
6.567000001668930054e-01
6.633999973535538164e-01
6.628999990224838657e-01
6.580000025033950761e-01
6.603000020980834828e-01
6.613000017404556674e-01
6.627999991178512573e-01
6.633000028133392290e-01
6.582000005245208785e-01
6.599999994039535967e-01
6.627999991178512573e-01
6.633999979496002508e-01
6.621000015735626354e-01
6.604000008106232222e-01
6.607999998331069991e-01
6.639999991655349820e-01
6.636000037193298118e-01
6.568999999761581110e-01
6.579000002145767301e-01
6.523000013828277321e-01
6.631999993324280140e-01
6.646000009775161477e-01
6.600000023841857688e-01
6.579000014066695989e-01
6.648000043630599709e-01
6.606000024080276312e-01
6.680000001192092363e-01
6.600000005960464655e-01
6.597000020742416204e-01
6.641000002622604592e-01
6.636000013351440741e-01
6.668999993801116855e-01
6.613999998569488614e-01
6.639000064134598089e-01
6.616000020503998158e-01
6.695000028610229581e-01
6.642999982833862616e-01
6.650000011920929044e-01
6.693000012636184382e-01
6.663000005483626920e-01
6.702999997138977539e-01
6.654000008106231157e-01
6.678000003099441306e-01
6.569999992847442849e-01
6.685000008344650357e-01
6.683000016212463645e-01
6.638000023365020485e-01
6.730000007152557862e-01
6.686000001430510986e-01
6.656000024080276356e-01
6.685000020265579046e-01
6.607000005245208252e-01
6.613000017404556674e-01
6.691000002622604637e-01
6.634000009298324230e-01
6.583999991416931152e-01
6.651999986171722723e-01
6.660000020265579579e-01
6.604000008106232222e-01
6.620999997854233321e-01
6.711000001430511563e-01
6.687000006437301414e-01
6.658000016212463068e-01
6.659999990463256747e-01
6.632000011205673173e-01
6.603000003099441795e-01
6.678000009059905651e-01
6.639999979734421132e-01
6.654000043869018333e-01
6.665999978780746682e-01
6.668999993801116855e-01
6.590000009536742809e-01
6.662999999523162575e-01
6.642999994754791304e-01
6.672999984025955733e-01
6.676000016927718939e-01
6.680000019073486506e-01
6.708000016212463112e-01
6.645000028610229537e-01
6.613999998569488614e-01
6.687000018358230102e-01
6.639000004529953536e-01
6.635000032186507690e-01
6.661000037193298695e-01
6.649000018835067305e-01
6.665000021457672119e-01
6.734000021219253007e-01
6.630000054836273637e-01
6.656000012159347667e-01
6.634999972581863137e-01
6.595000004768372115e-01
6.670000046491623147e-01
6.648000007867813643e-01
6.596000033617019920e-01
6.575000029802322565e-01
6.666999989748001454e-01
6.627000033855438010e-01
6.577999985218048185e-01
6.599999982118606168e-01
6.648999994993209928e-01
6.605000007152557195e-01
6.657000029087066784e-01
6.651000052690505537e-01
6.644000035524367798e-01
6.706000018119812056e-01
6.668999975919723822e-01
6.643999999761581732e-01
6.609000015258789107e-01
6.650000023841857733e-01
6.654000037908553988e-01
6.658000040054321556e-01
6.649999994039536011e-01
6.607999998331069991e-01
6.598000013828277943e-01
6.631999993324280140e-01
6.645000022649765192e-01
6.630000001192093428e-01
6.625999999046325861e-01
6.604000014066696567e-01
6.657000017166138095e-01
6.646000021696090165e-01
6.686000001430510986e-01
6.724000000953673783e-01
6.704999989271164251e-01
6.683000022172927990e-01
6.682000017166137562e-01
6.637999993562698764e-01
6.657000029087066784e-01
6.642999994754791304e-01
6.665000045299529496e-01
6.630000013113022117e-01
6.603000038862227861e-01
6.605999994277954590e-01
6.659000015258789151e-01
6.543000042438507080e-01
6.693000030517578525e-01
6.582000029087066162e-01
6.686000013351440785e-01
6.679000031948089111e-01
6.633000028133392290e-01
6.719000011682509932e-01
6.665999966859817993e-01
6.708000004291534424e-01
6.650000029802322077e-01
6.675999999046325906e-01
6.633000004291534912e-01
6.671000015735626398e-01
6.652000021934508789e-01
6.622000026702881126e-01
6.640000009536742853e-01
6.682000017166137562e-01
6.671000003814697710e-01
6.711000019311904596e-01
6.627000021934509322e-01
6.676000010967254594e-01
6.678000003099441306e-01
6.679000020027160422e-01
6.587000042200088501e-01
6.613000011444092330e-01
6.626000005006790206e-01
6.631999987363815796e-01
6.687000000476837069e-01
6.616000020503998158e-01
6.673000001907348766e-01
6.653000009059906183e-01
6.633000004291534912e-01
6.613000017404556674e-01
6.679999995231628018e-01
6.724000000953673783e-01
6.668000000715256226e-01
6.678000020980835449e-01
6.621000003814697665e-01
6.608999997377396074e-01
6.682000005245208873e-01
6.699000006914138661e-01
6.637999975681304621e-01
6.654000014066696611e-01
6.680000025033950850e-01
6.672000014781951371e-01
6.721000009775162098e-01
6.698000001907348233e-01
6.668000012636184914e-01
6.677000004053116333e-01
6.745999991893768533e-01
6.724000012874603582e-01
6.709999984502792447e-01
6.608000016212463024e-01
6.674000030755996571e-01
6.674000024795532227e-01
6.709000045061110917e-01
6.714000016450881736e-01
6.655000001192092896e-01
6.705000007152557284e-01
6.683000004291534957e-01
6.670000010728835971e-01
6.745999991893768533e-01
6.763000011444091353e-01
6.652000033855438588e-01
6.726000028848647672e-01
6.680000019073486506e-01
6.715000009536743475e-01
6.661000037193298695e-01
6.672999984025955733e-01
6.673999989032745050e-01
6.654000014066696611e-01
6.697000008821487604e-01
6.681000024080276933e-01
6.700000011920929088e-01
6.730000025033950894e-01
6.691000032424926358e-01
6.699000018835067349e-01
6.742000019550323797e-01
6.681000000238418446e-01
6.665000039339065152e-01
6.688000023365020530e-01
6.727000004053116378e-01
6.670999997854232255e-01
6.688999992609023781e-01
6.656000012159347667e-01
6.674000030755996571e-01
6.731999993324280229e-01
6.718000018596649303e-01
6.667000031471252974e-01
6.714000022411346080e-01
6.698000031709671065e-01
6.712000006437301991e-01
6.675000011920928511e-01
6.673000013828277455e-01
6.665000015497207775e-01
6.747000008821487649e-01
6.640000021457672652e-01
6.767000001668930231e-01
6.685999995470046642e-01
6.709000027179717884e-01
6.737000012397765802e-01
6.685999977588653609e-01
6.692000025510788097e-01
6.672000032663345515e-01
6.611000013351440163e-01
6.721000015735626443e-01
6.755000030994415816e-01
6.691000032424926358e-01
6.709000003337860507e-01
6.704000020027161000e-01
6.651000016927719471e-01
6.723999994993209439e-01
6.687000000476837069e-01
6.701000010967255172e-01
6.693000024557114180e-01
6.717000001668930187e-01
6.731999987363814775e-01
6.669999992847442938e-01
6.724000018835067927e-01
6.721999990940094039e-01
6.669000017642975342e-01
6.777999997138977051e-01
6.665000009536743431e-01
6.687999999523163153e-01
6.713000011444091308e-01
6.651999980211258379e-01
6.634000009298324230e-01
6.617999994754790727e-01
6.697000002861023260e-01
6.657999998331070035e-01
6.673000013828277455e-01
6.702000010013580145e-01
6.647999995946883844e-01
6.727000010013580722e-01
6.743000042438507258e-01
6.691000014543533325e-01
6.722999989986420122e-01
6.758000022172927501e-01
6.688000011444091841e-01
6.735000014305114746e-01
6.722000032663345559e-01
6.661000001430511519e-01
6.698000001907348233e-01
6.743000006675720082e-01
6.670999997854232255e-01
6.700000029802322121e-01
6.729999989271163718e-01
6.703000003099441884e-01
6.718000012636184959e-01
6.666000008583068404e-01
6.677000039815902399e-01
6.706000030040740745e-01
6.700000017881393433e-01
6.722000008821487071e-01
6.708999997377396163e-01
6.735000026226043435e-01
6.733999997377395630e-01
6.733000040054321067e-01
6.654000020027160955e-01
6.700000005960464744e-01
6.715999996662139759e-01
6.683999991416931241e-01
6.660000020265579579e-01
6.628000015020369950e-01
6.695999956130981312e-01
6.725999993085861606e-01
6.712000048160553511e-01
6.621999990940093950e-01
6.695000016689300892e-01
6.713000017404556763e-01
6.669999998807907282e-01
6.668000018596649259e-01
6.736000025272369518e-01
6.665000021457672119e-01
6.744999980926513761e-01
6.660000026226043923e-01
6.739000016450882313e-01
6.738000017404556230e-01
6.673000001907348766e-01
6.750000041723250854e-01
6.779000002145767478e-01
6.687999981641769009e-01
6.698999994993209972e-01
6.728000015020370039e-01
6.744000041484832231e-01
