1.661000001430511519e-01
2.069999997317790996e-01
2.687000013887882455e-01
2.962000013887882144e-01
3.322000013291835918e-01
3.546000003814697155e-01
3.774999998509883659e-01
3.965000006556511081e-01
4.133999976515769781e-01
4.336999973654747098e-01
4.361999982595443637e-01
4.534999990463257080e-01
4.596999981999397300e-01
4.726999974250793435e-01
4.750999972224235757e-01
4.790999978780746682e-01
4.890999984741211115e-01
4.927999970316886968e-01
4.980999955534934909e-01
5.049999949336051452e-01
5.090999960899352805e-01
5.158999970555305792e-01
5.174999961256980807e-01
5.245999962091445479e-01
5.194999966025352078e-01
5.265999960899353516e-01
5.265999972820282204e-01
5.301999956369399802e-01
5.361999988555907759e-01
5.340999966859817372e-01
5.440999951958656045e-01
5.382999938726424904e-01
5.374999976158142401e-01
5.465999984741211071e-01
5.464999988675117715e-01
5.441999959945679199e-01
5.535999962687492282e-01
5.499999991059303373e-01
5.489999958872795460e-01
5.551999983191490129e-01
5.629999983310699507e-01
5.580999982357025546e-01
5.593999981880187766e-01
5.637000000476837247e-01
5.649999979138374817e-01
5.699999979138374862e-01
5.705999979376792375e-01
5.681000000238418668e-01
5.691999953985213967e-01
5.699999982118606479e-01
5.690999996662139404e-01
5.757999974489211858e-01
5.714999988675117937e-01
5.722999948263168823e-01
5.711999964714050693e-01
5.745999994874000372e-01
5.765999969840049921e-01
5.706999990344047147e-01
5.817999967932701022e-01
5.745999941229820163e-01
5.813999959826469111e-01
5.774999949336051541e-01
5.860999947786331710e-01
5.848999989032744873e-01
5.805999958515166703e-01
5.866999980807304782e-01
5.847999989986419900e-01
5.934999993443489386e-01
5.884999978542327925e-01
5.907000005245208740e-01
5.911999967694282487e-01
5.935999968647956981e-01
5.952999979257583840e-01
5.920999962091445523e-01
5.941000008583068315e-01
5.996000003814697665e-01
5.872999975085257951e-01
5.972000005841254788e-01
5.947999998927115950e-01
5.954000025987624678e-01
6.010000011324883040e-01
6.040999996662139715e-01
6.074999991059303328e-01
5.975999984145164978e-01
6.026999980211258379e-01
6.050000026822089927e-01
6.046000006794929327e-01
6.039999973773956254e-01
6.061999988555908381e-01
6.063000002503394770e-01
6.043000003695487843e-01
6.093999990820884172e-01
6.122999987006187972e-01
6.101000005006790294e-01
6.037999987602233887e-01
6.095000004768371671e-01
6.033000004291534379e-01
6.094999971985817222e-01
6.141999968886375783e-01
6.135999998450278881e-01
6.127999976277351823e-01
6.147000002861022772e-01
6.138999986648560059e-01
6.192000043392181796e-01
6.200000020861625716e-01
6.133999991416930753e-01
6.156000009179115606e-01
6.155000007152557906e-01
6.128999975323676797e-01
6.180999979376793352e-01
6.136999976634979204e-01
6.184000000357627869e-01
6.182000017166138228e-01
6.207999974489212258e-01
6.258999988436698692e-01
6.246999990940094172e-01
6.271000018715858770e-01
6.295000040531157914e-01
6.254000017046927873e-01
6.248999989032745228e-01
6.264999991655350042e-01
6.204999974370002391e-01
6.237000009417533741e-01
6.265999978780746327e-01
6.247999972105026112e-01
6.273000025749206898e-01
6.253000000119208757e-01
6.310000014305114924e-01
6.330999991297722174e-01
6.262000003457068864e-01
6.306000015139580084e-01
6.306999987363814952e-01
6.263000014424323636e-01
6.346000009775161210e-01
6.267999991774558799e-01
6.350000000000000089e-01
6.353000003099441573e-01
6.357000005245209140e-01
6.329999989271164473e-01
6.322000002861023482e-01
6.375000005960465010e-01
6.357999992370605424e-01
6.324999988079070823e-01
6.367999976873397472e-01
6.382000011205672951e-01
6.368999999761580932e-01
6.329999989271164473e-01
6.429000014066695856e-01
6.371999993920326455e-01
6.428000009059906539e-01
6.376000010967254328e-01
6.374000012874603271e-01
6.329000008106231423e-01
6.387000030279159635e-01
6.403000009059905961e-01
6.370000016689300049e-01
6.364000022411346880e-01
6.313999998569488348e-01
6.359999996423720825e-01
6.440999996662140070e-01
6.411999988555908692e-01
6.418000000715256004e-01
6.458999979496001798e-01
6.406999993324279385e-01
6.415999990701675149e-01
6.413000005483627808e-01
6.451000016927719294e-01
6.419999963045119884e-01
6.422000032663345293e-01
6.473000001907348588e-01
6.432000029087067139e-01
6.451000016927719294e-01
6.468000006675720392e-01
6.464000028371811313e-01
6.480000019073486328e-01
6.501000010967254994e-01
6.485999989509582120e-01
6.459000009298324629e-01
6.501000005006790650e-01
6.472999995946884244e-01
6.530000019073486373e-01
6.463000023365020885e-01
6.456999999284743774e-01
6.493000030517578347e-01
6.497999995946883711e-01
6.443000024557113958e-01
6.496999990940094394e-01
6.499999988079071533e-01
6.507000011205673617e-01
6.501999992132186934e-01
6.500999987125396506e-01
6.539000028371810824e-01
6.559000009298324718e-01
6.521000015735626265e-01
6.524999999999999689e-01
6.559000045061111894e-01
6.515000003576278953e-01
6.546000009775161388e-01
6.566000002622603970e-01
6.563000005483626831e-01
6.565000003576278997e-01
6.556000006198883234e-01
6.588000011444091752e-01
6.571000033617019342e-01
6.547000002861023127e-01
6.601999998092651367e-01
6.609999984502792358e-01
6.549000012874602872e-01
6.568000030517577859e-01
6.580000048875809249e-01
6.534000021219253940e-01
6.600999999046325284e-01
6.564000010490417258e-01
6.571000021696090654e-01
6.571999984979629561e-01
6.563000023365020974e-01
6.624000012874603494e-01
6.571000021696090654e-01
6.679000055789947599e-01
6.630000007152557773e-01
6.562000036239623579e-01
6.646000039577484308e-01
6.618000030517577903e-01
6.515000033378600675e-01
6.586000013351440696e-01
6.611000019311904508e-01
6.629999995231627974e-01
6.625000023841858265e-01
6.655000001192092896e-01
6.647000002861023216e-01
6.647000026702880593e-01
6.632000041007996005e-01
6.630999982357025369e-01
6.712000006437301991e-01
6.659000027179717840e-01
6.706999999284743996e-01
6.597000020742416204e-01
6.631000047922134266e-01
6.650000005960464700e-01
6.697000038623809326e-01
6.652000021934508789e-01
6.648000031709671021e-01
6.609000015258789107e-01
6.624000006914139149e-01
6.657000005245208296e-01
6.704000020027161000e-01
6.691999989748000921e-01
6.690999990701675948e-01
6.661000037193298695e-01
6.710000026226043968e-01
6.674000024795532227e-01
6.661000013351440208e-01
6.706000006198883368e-01
6.660999995470047175e-01
6.733000034093856723e-01
6.690000045299530074e-01
6.659000027179717840e-01
6.671000003814697710e-01
6.693000030517578525e-01
6.712000030279159368e-01
6.688999998569488126e-01
6.661000037193298695e-01
6.673000001907348766e-01
6.707000005245208341e-01
6.716000026464462591e-01
6.677000033855438055e-01
6.674000000953674849e-01
6.640000021457672652e-01
6.657000005245208296e-01
6.645999985933304099e-01
6.715000021457672164e-01
6.751000040769576938e-01
6.738000047206879062e-01
6.727000039815902444e-01
6.769000029563904119e-01
6.730000019073486550e-01
6.695000022649765237e-01
6.716000056266784313e-01
6.719000041484832764e-01
6.726000005006790294e-01
6.713000011444091308e-01
6.775999999046325994e-01
6.741000020503997714e-01
6.665000045299529496e-01
6.769999998807907371e-01
6.704000025987625344e-01
6.705000013113021629e-01
6.762000036239623757e-01
6.732000046968460438e-01
6.693000000715255693e-01
6.741999995708465310e-01
6.786000055074691284e-01
6.754000037908554077e-01
6.815000021457672252e-01
6.711000037193298740e-01
6.830000019073486639e-01
6.790000039339065818e-01
6.730000048875808272e-01
6.776000010967254683e-01
6.749000042676925881e-01
6.740000021457671631e-01
6.769000053405761497e-01
6.785000032186507823e-01
6.750000017881393477e-01
6.756000030040740789e-01
6.796000027656554643e-01
6.749000054597854570e-01
6.755000048875808849e-01
6.768000024557113692e-01
6.763000017404556807e-01
6.779000025987624856e-01
6.784000021219253052e-01
6.708999997377396163e-01
6.787000012397765847e-01
6.825000023841858443e-01
6.730000036954879583e-01
6.766000020503998291e-01
6.845000034570694059e-01
6.780000025033950939e-01
6.830000001192092496e-01
6.815000003576279219e-01
6.769000011682509976e-01
6.805000013113021717e-01
6.869000005722045721e-01
6.758000016212463157e-01
6.829000020027160556e-01
6.849000024795531827e-01
6.797000014781952038e-01
6.878000020980834517e-01
6.820000040531158936e-01
6.818000036478042425e-01
6.757000035047531217e-01
6.781000024080277022e-01
6.799000024795531782e-01
6.775999999046325994e-01
6.729000008106231778e-01
6.807999992370605824e-01
6.791000008583069070e-01
6.856000018119812189e-01
6.869999992847443115e-01
6.860000002384185613e-01
6.816000002622604192e-01
6.898000019788742554e-01
6.877000015974045199e-01
6.794000029563903587e-01
6.822000002861022816e-01
6.833000028133392467e-01
6.868000018596649436e-01
6.828000026941299927e-01
6.869000041484832897e-01
6.817000025510787653e-01
6.837000024318694580e-01
6.921000027656555309e-01
6.820000022649764793e-01
6.824000024795532360e-01
6.872000032663345692e-01
6.792999988794327093e-01
6.831000012159347268e-01
6.887000000476837247e-01
6.769000011682509976e-01
6.828000015020370128e-01
6.936999994516372947e-01
6.896000039577484531e-01
6.836000007390975464e-01
6.863000035285949929e-01
6.865000027418136641e-01
6.865000015497207952e-01
6.893999975919723466e-01
6.860000020265579757e-01
6.942000007629394176e-01
6.828000015020370128e-01
6.891000008583069159e-01
6.845000028610229714e-01
6.876000005006790428e-01
6.883000016212463823e-01
6.903000015020370750e-01
6.872000014781951549e-01
6.893000006675720215e-01
6.853000044822692427e-01
6.861000019311904730e-01
6.894000029563903675e-01
6.960000038146972878e-01
6.925000017881393077e-01
6.923000025749206365e-01
6.874000030755996749e-01
6.911999988555908025e-01
6.912999993562698453e-01
6.894000011682510642e-01
6.901000040769577071e-01
6.904000020027161177e-01
6.890000027418136108e-01
6.924000030755996793e-01
6.902999991178512262e-01
6.922000020742415938e-01
6.884000021219253140e-01
6.856000018119812189e-01
6.899999988079070778e-01
6.897000002861023438e-01
6.891000002622604814e-01
6.903000015020370750e-01
6.922000020742415938e-01
6.873000019788741977e-01
6.878000003099441484e-01
6.874000024795532404e-01
6.900999987125396862e-01
6.927000021934509588e-01
6.853000015020370705e-01
6.974000024795532493e-01
6.916000050306320146e-01
6.922000014781951593e-01
6.914000010490417569e-01
6.927000021934509588e-01
6.906000018119812234e-01
6.848000019788742510e-01
6.925000017881393077e-01
6.904000025987625522e-01
6.920000010728836193e-01
6.916000026464462769e-01
6.921000033617019653e-01
6.985000056028366489e-01
6.936000007390975552e-01
6.936999994516372947e-01
6.992000013589858565e-01
6.952000021934509055e-01
6.902999991178512262e-01
6.892000031471252619e-01
6.946999996900558028e-01
6.922000020742415938e-01
6.916999989748000566e-01
6.970000010728836237e-01
6.939000010490417036e-01
6.867000025510787697e-01
6.986000007390975597e-01
6.891999995708465443e-01
6.960999983549117642e-01
6.944000023603439375e-01
6.942000007629394176e-01
6.911000013351440430e-01
6.967000025510787786e-01
6.998999989032745894e-01
6.926000022888183505e-01
6.918999999761581421e-01
6.978000026941298950e-01
6.921000057458877031e-01
6.970000028610229270e-01
6.896000021696090387e-01
6.955000042915344682e-01
6.908000034093856323e-01
6.993000018596648992e-01
6.970000028610229270e-01
6.957000041007995739e-01
6.989000016450881425e-01
6.936000007390975552e-01
6.999999999999999556e-01
6.993000006675720304e-01
6.954000008106231423e-01
6.971000009775161210e-01
6.960000014305114391e-01
6.949000036716461715e-01
6.967999976873398005e-01
6.995000016689300049e-01
6.915000015497207997e-01
7.013000029325485718e-01
6.965000021457672386e-01
6.922000008821487249e-01
6.928000026941298906e-01
6.991000002622604903e-01
6.907000041007995694e-01
6.938999992609024003e-01
6.890999996662139360e-01
6.987000018358230369e-01
6.977000045776367010e-01
6.956000053882598344e-01
6.957000046968460083e-01
6.982000029087066517e-01
6.995000022649765503e-01
6.994000023603439420e-01
6.969000023603438843e-01
7.009999996423721402e-01
6.961000031232833507e-01
6.996999979019165039e-01
7.005000001192093206e-01
6.977000010013579834e-01
7.019000005722045854e-01
7.018000018596649570e-01
6.999000000953674583e-01
6.990000021457671853e-01
6.994000029563903764e-01
7.036000019311905440e-01
7.043000018596649037e-01
7.000000011920929355e-01
7.044999986886978371e-01
7.048000001907348544e-01
6.985000002384186280e-01
6.993000006675720304e-01
6.966000020503997359e-01
6.997000020742416559e-01
7.018999981880188477e-01
6.987000024318694713e-01
6.996000027656554821e-01
7.049000042676926148e-01
7.026000016927719249e-01
7.030000007152557018e-01
7.006999999284744263e-01
7.008000010251999035e-01
7.016000032424927202e-01
7.030000013113021362e-01
7.051000028848648515e-01
7.032000029087066562e-01
6.995999997854233099e-01
6.996999996900558072e-01
6.977000004053115489e-01
7.055000007152557595e-01
6.993000042438507480e-01
7.042000025510788408e-01
6.979000031948089378e-01
7.030000030994415505e-01
7.029000002145767700e-01
7.037000030279159102e-01
7.028000009059905961e-01
6.979000025987625033e-01
7.035000032186508045e-01
6.975000029802322921e-01
6.958000040054321822e-01
7.003000050783156905e-01
7.048000019788741577e-01
6.999000066518783481e-01
7.035999989509582608e-01
7.030999994277954412e-01
6.969000011682510154e-01
7.010000008344650091e-01
7.028000032901764449e-01
7.068000012636184159e-01
6.994000011682510731e-01
6.972000032663345781e-01
6.960000002384185702e-01
7.012999999523162886e-01
7.049000006914138972e-01
6.975000023841857466e-01
7.017000031471252175e-01
7.016999983787536310e-01
7.019000011682510198e-01
7.025000005960464478e-01
7.057000011205672996e-01
7.091999989748001276e-01
7.082999992370605513e-01
7.052000027894973488e-01
6.993999975919723555e-01
7.082000011205673573e-01
7.064000010490417703e-01
7.058000016212463423e-01
7.044000065326690985e-01
7.032999998331069813e-01
7.028000009059905961e-01
7.041999995708465576e-01
7.020000016689300626e-01
7.083000016212462890e-01
7.042000031471252752e-01
7.013999986648559171e-01
7.079000055789947954e-01
7.095000040531158625e-01
7.037000018358230413e-01
7.086000013351440030e-01
7.006000000238418179e-01
7.014000016450882002e-01
7.045999991893768799e-01
7.110000002384185835e-01
7.082000005245209229e-01
7.065999996662140070e-01
7.097000014781952304e-01
7.063000041246414451e-01
7.021000033617019742e-01
7.071000027656555442e-01
6.998000019788741533e-01
7.030000013113021362e-01
7.075999999046325151e-01
7.066000014543533103e-01
7.108000004291534779e-01
7.068999987840652866e-01
7.046000045537949008e-01
7.030000013113021362e-01
7.033000034093856989e-01
7.081999999284743774e-01
7.066999971866607666e-01
7.078000009059906006e-01
7.104000014066695901e-01
7.108999997377395408e-01
7.101000052690505937e-01
7.075000023841857555e-01
7.045000058412551613e-01
7.088000023365020885e-01
7.104000020027160245e-01
7.058999997377395363e-01
7.067999958992003950e-01
7.126000028848648027e-01
7.021000009775161255e-01
7.093000048398971913e-01
7.089000034332275657e-01
7.095000022649764482e-01
7.103000009059905473e-01
7.120000022649765059e-01
7.053000009059906539e-01
7.047999989986419855e-01
7.060000032186508623e-01
7.094000023603439509e-01
7.070999985933303922e-01
7.092000055313110174e-01
7.068999987840652866e-01
7.065000009536742676e-01
7.106000024080276756e-01
7.091999995708465621e-01
7.128000044822693226e-01
7.078000015020370350e-01
7.055000042915344771e-01
7.058000022172927768e-01
7.069000017642974587e-01
7.031000024080276134e-01
7.053000032901763916e-01
7.058000040054320801e-01
7.111000013351440607e-01
7.127000051736831487e-01
7.100000035762786821e-01
7.100000017881393788e-01
7.070000016689300670e-01
6.980000001192092629e-01
7.100000005960463989e-01
7.138000023365020930e-01
7.042000025510788408e-01
7.058000040054320801e-01
7.087000036239623491e-01
7.103999984264374179e-01
7.057000029087067139e-01
7.062000006437301192e-01
7.081000000238418801e-01
7.128000020980834739e-01
7.099000018835067705e-01
7.086000031232834173e-01
7.070000022649765015e-01
7.103000015020370927e-01
7.065000015497208130e-01
7.070999991893768266e-01
7.120000046491622436e-01
7.065000033378601163e-01
7.056000024080276711e-01
7.088000035285949574e-01
7.081999999284743774e-01
7.095000010728835793e-01
7.100999993085861384e-01
7.133000016212462935e-01
7.141000002622603926e-01
7.103000056743621338e-01
7.094000041484832542e-01
7.113999998569489058e-01
7.086000007390975686e-01
7.107000046968460216e-01
7.044000035524368153e-01
7.138000011444092241e-01
7.090000015497207597e-01
7.116999995708465088e-01
7.109000051021575617e-01
7.082000017166137917e-01
7.134000027179717707e-01
7.099999999999999645e-01
7.129999983310699729e-01
7.130000013113021451e-01
7.104000025987624589e-01
7.091000008583069336e-01
7.064000028371810735e-01
7.165000015497207109e-01
7.089000028371811313e-01
7.102000027894973533e-01
7.121000033617019831e-01
7.120000022649765059e-01
7.118000042438507036e-01
7.075000000000000178e-01
7.034000039100647417e-01
7.090000051259994773e-01
7.134000051021576194e-01
7.104000020027160245e-01
7.146000003814697576e-01
7.091000026464462369e-01
7.114000022411346436e-01
7.165000003576278420e-01
7.067000025510787875e-01
7.114000010490417747e-01
7.080000036954879894e-01
7.125000053644180431e-01
7.135000014305115101e-01
7.121000027656555487e-01
7.180000019073485840e-01
7.110000008344650180e-01
7.119000047445297463e-01
7.096000021696090565e-01
7.136000007390975730e-01
7.151000028848648604e-01
7.102000010013580500e-01
7.132999986410141213e-01
7.123000001907349166e-01
7.140999996662139582e-01
7.079000008106232089e-01
7.110000038146973012e-01
7.125000017881393255e-01
7.097999995946884244e-01
7.101000005006790072e-01
7.120999979972839622e-01
7.081000000238418801e-01
7.117000013589859231e-01
7.159000033140182628e-01
7.122000032663344804e-01
7.116000044345855979e-01
7.098000019788741621e-01
7.103000009059905473e-01
7.124000018835068282e-01
7.100000005960463989e-01
7.113999998569489058e-01
7.098999994993210327e-01
7.130999994277954501e-01
7.142000025510788497e-01
7.082000035047530950e-01
7.089000028371811313e-01
7.086000013351440030e-01
7.138000017404556585e-01
7.082000029087066606e-01
7.119000017642974631e-01
7.116000014543533148e-01
7.161000019311904996e-01
7.066000032424927246e-01
7.126999992132186934e-01
7.096999979019165128e-01
7.156000036001205489e-01
7.142000001668930009e-01
7.122999984025955023e-01
7.053000032901763916e-01
7.121000033617019831e-01
7.091000008583069336e-01
7.146000045537949097e-01
7.134999990463256614e-01
7.111000019311904952e-01
7.107000017166137384e-01
7.142000013589858698e-01
7.130000013113021451e-01
7.109000015258789551e-01
7.182000017166138006e-01
7.117000001668930542e-01
7.084000045061111805e-01
7.143000018596649126e-01
7.175000059604644820e-01
7.111000001430511919e-01
7.163000011444091708e-01
7.132000011205673617e-01
7.148999994993210372e-01
7.129000025987625166e-01
7.178000015020370439e-01
7.100000005960463989e-01
7.140000009536743297e-01
7.129000014066696478e-01
7.161000007390976307e-01
7.110000026226043213e-01
7.085999983549118308e-01
7.123000007867813510e-01
7.137000000476837469e-01
7.153000020980835316e-01
7.122999995946883711e-01
7.153000003099441173e-01
7.128000015020370395e-01
7.160000020265578913e-01
7.152000004053116200e-01
7.184000045061111894e-01
7.129000014066696478e-01
7.112000012397765580e-01
7.179999983310699774e-01
7.132000011205673617e-01
7.149000006914139060e-01
7.196000027656554998e-01
7.155000001192093340e-01
7.068000012636184159e-01
7.139000034332275701e-01
7.174999988079071578e-01
7.176000052690505449e-01
7.139999997615814609e-01
7.205000019073486417e-01
7.170999991893768355e-01
7.185999995470047086e-01
7.136000013351440074e-01
7.165000003576278420e-01
7.104999995231628951e-01
7.149000000953674716e-01
7.161000013351440652e-01
7.149999976158142312e-01
7.129000002145766679e-01
7.175999993085860895e-01
7.184000009298324718e-01
7.144999986886978460e-01
7.202000021934509277e-01
7.107999998331070435e-01
7.203000009059905562e-01
7.101000034809112904e-01
7.101000040769577248e-01
7.187999993562698142e-01
7.125000011920928911e-01
7.212999993562698720e-01
7.114000046253203813e-01
7.190000003576278997e-01
7.193000030517577859e-01
7.192000001668930054e-01
7.169000029563903365e-01
7.121999984979630050e-01
7.125000035762787398e-01
7.149999994039535345e-01
7.165000057220458629e-01
7.131000030040740567e-01
7.127000027894974110e-01
7.157000035047531572e-01
7.183000022172927324e-01
7.172999984025955067e-01
7.155000025033950717e-01
7.128000056743621915e-01
7.165000015497207109e-01
7.157000029087066117e-01
7.187000030279159235e-01
7.169999998807906616e-01
7.174000048637390048e-01
7.163999986648559304e-01
7.217000025510788008e-01
7.196000003814697621e-01
7.142999976873397605e-01
7.153000026941299661e-01
7.199000018835067793e-01
7.176000010967255038e-01
7.158000004291534824e-01
7.175000011920928955e-01
7.186000037193298606e-01
7.164000010490417791e-01
7.094000017642975164e-01
7.167000031471252308e-01
7.209000021219253984e-01
7.151000010967254461e-01
7.237999999523162531e-01
7.137000036239623535e-01
7.146000003814697576e-01
7.187000060081482067e-01
7.145000016689300182e-01
7.142000019550323042e-01
7.147999995946884289e-01
7.199000006914139105e-01
7.146000039577483642e-01
7.163999986648559304e-01
7.161999994516372592e-01
7.173000037670135276e-01
7.170000034570693792e-01
7.137000018358230502e-01
7.140000033378600675e-01
7.187000018358230546e-01
7.131000006198883190e-01
7.209999960660934404e-01
7.181000036001204956e-01
7.187000012397766202e-01
7.198999983072280617e-01
7.153000020980835316e-01
7.138000011444092241e-01
7.184999972581863625e-01
7.170000016689300759e-01
7.195000010728835882e-01
7.190000021457672030e-01
7.145000034570694325e-01
7.207000064849853338e-01
7.206000030040741189e-01
7.193000018596649170e-01
7.153000003099441173e-01
7.150999999046325772e-01
7.154000020027160289e-01
7.108000028133392156e-01
7.163000017404556052e-01
7.199000012874603449e-01
7.195999985933303478e-01
7.214999997615814120e-01
7.174999988079071578e-01
7.192000013589858742e-01
7.199000030755996482e-01
7.178000026941299128e-01
7.226000005006789628e-01
7.219000041484833208e-01
7.168000018596649703e-01
7.150000011920929488e-01
7.142000043392181530e-01
7.159000033140182628e-01
7.198000031709671509e-01
7.166000026464461881e-01
7.131999993324279474e-01
7.179000008106232178e-01
7.155000001192093340e-01
7.183000010251998635e-01
7.241000032424926847e-01
7.230999988317489136e-01
7.215000009536742809e-01
7.223000013828277943e-01
7.214000016450882180e-01
7.221000015735625777e-01
7.190999996662139626e-01
7.243999987840652466e-01
7.184999984502792314e-01
7.201000010967254505e-01
7.218000024557114092e-01
7.234000021219253451e-01
7.169999998807906616e-01
7.200000029802322565e-01
7.217000037431716697e-01
7.182000029087066695e-01
7.201000010967254505e-01
7.263000017404556141e-01
7.209000009298324185e-01
7.157000017166137429e-01
7.181999999284743863e-01
7.196999996900558250e-01
7.201000034809112993e-01
7.167999994754791215e-01
7.104000020027160245e-01
7.161000013351440652e-01
7.212000030279159812e-01
7.193000006675720481e-01
7.232000029087066739e-01
7.185000002384185347e-01
7.137000006437301813e-01
7.160000002384185880e-01
7.174000024795532671e-01
7.174000006914138527e-01
7.178999990224838035e-01
7.175000000000000266e-01
7.172000014781951815e-01
7.185999995470047086e-01
7.223000007867813599e-01
7.232999980449676958e-01
7.217000055313110840e-01
7.205000007152557728e-01
7.217000019550323664e-01
7.199000006914139105e-01
7.259999984502791825e-01
7.219999992847442316e-01
7.218000030517578436e-01
7.174000024795532671e-01
7.203999978303908813e-01
7.219000023603439065e-01
7.159000033140182628e-01
7.165000003576278420e-01
7.195999991893767822e-01
7.194000023603439598e-01
7.150000011920929488e-01
7.180000025033951294e-01
7.179000008106232178e-01
7.145000022649764526e-01
7.138000023365020930e-01
7.180000060796737360e-01
7.218000018596648637e-01
7.192000019550323087e-01
7.224999988079070512e-01
7.167000049352645341e-01
7.175000005960464611e-01
7.144000011682510864e-01
7.172000014781951815e-01
7.170999997854232699e-01
7.147000038623809726e-01
7.127000004053115623e-01
7.138999980688095492e-01
7.145999997854233232e-01
7.208000016212463557e-01
7.209999996423721580e-01
7.263000017404556141e-01
7.174999994039535922e-01
7.215000033378601296e-01
7.228000038862227861e-01
7.176000040769576760e-01
7.168000018596649703e-01
7.186000019311904463e-01
7.194999998807907193e-01
7.176000046730041104e-01
7.193000018596649170e-01
7.203000032901764049e-01
7.178000015020370439e-01
7.247000050544738503e-01
7.195000016689300226e-01
7.162999987602234331e-01
7.154000014066695945e-01
7.199000030755996482e-01
7.192000019550323087e-01
7.204000020027160334e-01
7.236000055074691684e-01
7.226000022888183771e-01
7.178000003099441750e-01
7.201000010967254505e-01
7.219000029563903409e-01
7.165000039339065596e-01
7.222999995946883800e-01
7.148999989032744917e-01
7.193000006675720481e-01
7.195000034570694369e-01
7.181000024080276267e-01
7.225000041723251831e-01
7.203000032901764049e-01
7.203000015020371016e-01
7.184000009298324718e-01
