9.370427778949437514e-02 7.647058823529411242e-01 6.485865253082562232e-02
3.848964007333073589e-02 8.235294117647058432e-01 4.941237304832422211e-02
2.721114769876299688e-02 8.235294117647058432e-01 3.589010663616672842e-02
1.200650737990745405e-02 8.676470588235294379e-01 3.438381019717699077e-02
1.187456483051903960e-02 9.117647058823529216e-01 2.563107648534490579e-02
7.565730955258625351e-03 9.117647058823529216e-01 2.954729104351295696e-02
3.761580231355253143e-03 9.411764705882352811e-01 2.343037846123069076e-02
7.132826460816556885e-03 8.676470588235294379e-01 3.549753208565385038e-02
7.848545866716089697e-03 8.823529411764705621e-01 2.975656535633075875e-02
5.744699560328460526e-03 9.117647058823529216e-01 3.037807458230502161e-02
4.528910565361260986e-03 9.117647058823529216e-01 2.643861580509355991e-02
5.708516269297077977e-03 9.264705882352941568e-01 2.464403502745180288e-02
5.226291934303396898e-03 9.264705882352941568e-01 2.573830286577121970e-02
3.972242386092120041e-03 8.823529411764705621e-01 3.204536577918516010e-02
1.113074388901920137e-03 9.117647058823529216e-01 2.335561600155120973e-02
3.862202553005426951e-03 9.411764705882352811e-01 3.301285861509537650e-02
3.015574695209447768e-03 9.117647058823529216e-01 3.119478504117653359e-02
3.423385058056331587e-03 8.823529411764705621e-01 3.505296093912864397e-02
1.153991467603369438e-02 9.705882352941176405e-01 3.062342341120771749e-02
1.724155228989628259e-03 9.117647058823529216e-01 3.032481211770210114e-02
5.143939174503270491e-03 9.411764705882352811e-01 2.128744918706952649e-02
6.376319521917846699e-03 8.970588235294117974e-01 3.335265266805655798e-02
1.430432028606260647e-02 9.117647058823529216e-01 2.954112707966223203e-02
1.898636290686215450e-02 9.117647058823529216e-01 3.050706502495165867e-02
7.480661310340672859e-03 9.264705882352941568e-01 3.324969133115486530e-02
5.052667648210273921e-03 9.411764705882352811e-01 2.455790148797015390e-02
3.350163913090846175e-03 9.558823529411765163e-01 2.467143671335118166e-02
3.851817515075945005e-03 9.411764705882352811e-01 2.347222757874335708e-02
1.768230547516794465e-03 9.411764705882352811e-01 2.935458981980590756e-02
5.661026091454884022e-03 9.117647058823529216e-01 3.246365173599626008e-02
8.857324207859802040e-03 9.117647058823529216e-01 3.667195883521400662e-02
2.969184355950754261e-03 9.411764705882352811e-01 2.699337709635439217e-02
6.430633213796613061e-03 8.970588235294117974e-01 3.308942378736861450e-02
1.124617763876092739e-02 8.823529411764705621e-01 3.967231390974791660e-02
1.233889747326699128e-02 9.117647058823529216e-01 3.502506190267429265e-02
3.429116395501686371e-03 8.823529411764705621e-01 3.345057465578733791e-02
5.665819444021781906e-03 8.970588235294117974e-01 3.567117169255019232e-02
1.441551574382961666e-03 9.558823529411765163e-01 2.540312469452220626e-02
2.042265184746211090e-03 9.264705882352941568e-01 2.956959888264234018e-02
3.284868392095130485e-03 9.264705882352941568e-01 2.537087192347397407e-02
4.040622433852120686e-03 9.411764705882352811e-01 2.518315679124228518e-02
4.552173658118220147e-03 9.558823529411765163e-01 1.469494579666726954e-02
4.913145803844918419e-03 9.705882352941176405e-01 1.996091189819291720e-02
1.245285997567518663e-03 9.411764705882352811e-01 1.996044205748463349e-02
4.054337362677679427e-03 9.411764705882352811e-01 2.400771803319561026e-02
8.111008870047582003e-03 8.970588235294117974e-01 3.655139209723302918e-02
1.418454052580868895e-02 9.411764705882352811e-01 2.050153160644048803e-02
5.235005085815500579e-03 9.411764705882352811e-01 1.668026597323095037e-02
4.685141879684240687e-03 9.411764705882352811e-01 2.348881223062267501e-02
9.177302409516957266e-04 9.264705882352941568e-01 2.735086491261329300e-02
3.077811745112719096e-03 9.705882352941176405e-01 1.695171494047757049e-02
4.125858216952515457e-03 8.823529411764705621e-01 3.905835940067374501e-02
3.419167627974244086e-03 9.705882352941176405e-01 2.242359902924582690e-02
4.016978021775327243e-03 8.823529411764705621e-01 3.078115166375475914e-02
4.569760284162639567e-03 9.411764705882352811e-01 2.196547007247110286e-02
1.762792796213574764e-02 9.264705882352941568e-01 2.594640596373558664e-02
3.728478661344709812e-03 9.411764705882352811e-01 2.214917758144854115e-02
1.738960948208979115e-03 9.264705882352941568e-01 2.818709315864846576e-02
7.745354461657140768e-03 8.235294117647058432e-01 6.003271523732977427e-02
2.373454985834253309e-03 9.117647058823529216e-01 3.179212036106564970e-02
8.077444216527290485e-03 9.411764705882352811e-01 2.996540179276526578e-02
1.280551246577862510e-03 9.411764705882352811e-01 2.346978407710570771e-02
2.410202073823735931e-03 9.264705882352941568e-01 1.744060881311640041e-02
2.085086619909815638e-03 9.411764705882352811e-01 1.879751424811547736e-02
1.874671464371289098e-03 9.264705882352941568e-01 1.946544939108330735e-02
6.658351069331973175e-03 9.558823529411765163e-01 1.956099706802614732e-02
1.352708413612818249e-03 8.970588235294117974e-01 3.259768078752278003e-02
8.488170107034038493e-04 8.529411764705882026e-01 4.385625873932451346e-02
2.824163818221693718e-03 8.970588235294117974e-01 3.232992278428639676e-02
8.735432877104784208e-03 9.264705882352941568e-01 3.148248005204146854e-02
1.054261322337104664e-02 8.676470588235294379e-01 4.703102508747199900e-02
4.482632807509215160e-03 9.558823529411765163e-01 3.270297655420414257e-02
8.944357678430665815e-03 9.411764705882352811e-01 2.109252627990312878e-02
2.426436248985276972e-03 9.411764705882352811e-01 2.326561618482465843e-02
1.854474775770801167e-03 9.264705882352941568e-01 2.357965539509039588e-02
8.176104320261503092e-03 9.558823529411765163e-01 1.749056464180221565e-02
9.807866907130259951e-03 8.970588235294117974e-01 2.557291898998871604e-02
1.462304376634754842e-03 9.411764705882352811e-01 2.531476340099694800e-02
4.655500160650994051e-04 9.264705882352941568e-01 2.232900569768468679e-02
1.619317922646362415e-03 9.264705882352941568e-01 2.177382636501377575e-02
8.617231809539327436e-03 9.264705882352941568e-01 2.218992554306509907e-02
8.774442447028421577e-03 8.970588235294117974e-01 3.755803062405745074e-02
2.187168548595904132e-03 9.117647058823529216e-01 3.465019959430910845e-02
4.028319651024991552e-03 9.411764705882352811e-01 3.361105535834382069e-02
5.600707460622286749e-03 8.970588235294117974e-01 3.075162403959115845e-02
2.566405260189022139e-03 8.823529411764705621e-01 3.672807167403494694e-02
5.875132876104666169e-03 9.264705882352941568e-01 3.016243183918471821e-02
7.420141466152505375e-03 9.411764705882352811e-01 2.899826500999576340e-02
3.384837509206282957e-03 9.264705882352941568e-01 1.977901075033655295e-02
4.600830062408869936e-03 9.117647058823529216e-01 3.431126923446384952e-02
7.881002273241495201e-03 9.264705882352941568e-01 2.626019414399040006e-02
9.090644077618097868e-03 9.705882352941176405e-01 3.450081254499458294e-02
2.151906578573815464e-03 9.558823529411765163e-01 2.463038928400627936e-02
3.111268431935903210e-03 9.264705882352941568e-01 2.765628078943057830e-02
1.148863634541131412e-02 9.411764705882352811e-01 3.194232562864764147e-02
9.127865924355075752e-03 9.411764705882352811e-01 3.264351657516806338e-02
5.554991357584517127e-03 9.411764705882352811e-01 1.928995888945013795e-02
2.931047014559836402e-03 9.558823529411765163e-01 1.919605227039619666e-02
2.441718966736894370e-03 9.558823529411765163e-01 2.206872351054728343e-02
8.095394660008980309e-03 9.264705882352941568e-01 1.891379230945656326e-02
